 v-sweep         v(vgs)          id              gm              gds             vth             gm_id           gm_gds          id_w           
 0.00000000e+00  0.00000000e+00  1.82964754e-12  2.46646880e-11  2.13459600e-13  6.10968829e-01  1.34805679e+01  1.15547335e+02  1.82964754e-07 
 5.00000000e-03  5.00000000e-03  1.96109795e-12  2.82081620e-11  2.44109202e-13  6.10968829e-01  1.43838618e+01  1.15555504e+02  1.96109795e-07 
 1.00000000e-02  1.00000000e-02  2.11031193e-12  3.22606106e-11  2.79158983e-13  6.10968829e-01  1.52871290e+01  1.15563577e+02  2.11031193e-07 
 1.50000000e-02  1.50000000e-02  2.28794761e-12  3.68951189e-11  3.19240508e-13  6.10968829e-01  1.61258583e+01  1.15571546e+02  2.28794761e-07 
 2.00000000e-02  2.00000000e-02  2.47979415e-12  4.21952612e-11  3.65075956e-13  6.10968829e-01  1.70156306e+01  1.15579403e+02  2.47979415e-07 
 2.50000000e-02  2.50000000e-02  2.71072054e-12  4.82566059e-11  4.17491122e-13  6.10968829e-01  1.78021324e+01  1.15587143e+02  2.71072054e-07 
 3.00000000e-02  3.00000000e-02  2.96651592e-12  5.51884346e-11  4.77430266e-13  6.10968829e-01  1.86037884e+01  1.15594755e+02  2.96651592e-07 
 3.50000000e-02  3.50000000e-02  3.26139116e-12  6.31157091e-11  5.45973105e-13  6.10968829e-01  1.93523886e+01  1.15602231e+02  3.26139116e-07 
 4.00000000e-02  4.00000000e-02  3.59889896e-12  7.21813184e-11  6.24354223e-13  6.10968829e-01  2.00565004e+01  1.15609562e+02  3.59889896e-07 
 4.50000000e-02  4.50000000e-02  3.98614475e-12  8.25486485e-11  7.13985278e-13  6.10968829e-01  2.07088939e+01  1.15616738e+02  3.98614475e-07 
 5.00000000e-02  5.00000000e-02  4.43023396e-12  9.44045195e-11  8.16480371e-13  6.10968829e-01  2.13091499e+01  1.15623747e+02  4.43023396e-07 
 5.50000000e-02  5.50000000e-02  4.93116659e-12  1.07962543e-10  9.33685058e-13  6.10968829e-01  2.18939151e+01  1.15630578e+02  4.93116659e-07 
 6.00000000e-02  6.00000000e-02  5.51025892e-12  1.23466958e-10  1.06770951e-12  6.10968829e-01  2.24067435e+01  1.15637218e+02  5.51025892e-07 
 6.50000000e-02  6.50000000e-02  6.17461637e-12  1.41197021e-10  1.22096643e-12  6.10968829e-01  2.28673350e+01  1.15643655e+02  6.17461637e-07 
 7.00000000e-02  7.00000000e-02  6.92068625e-12  1.61472015e-10  1.39621436e-12  6.10968829e-01  2.33317924e+01  1.15649874e+02  6.92068625e-07 
 7.50000000e-02  7.50000000e-02  7.79465381e-12  1.84656979e-10  1.59660720e-12  6.10968829e-01  2.36902092e+01  1.15655860e+02  7.79465381e-07 
 8.00000000e-02  8.00000000e-02  8.77875550e-12  2.11169259e-10  1.82575084e-12  6.10968829e-01  2.40545780e+01  1.15661598e+02  8.77875550e-07 
 8.50000000e-02  8.50000000e-02  9.91207116e-12  2.41485986e-10  2.08776784e-12  6.10968829e-01  2.43628180e+01  1.15667068e+02  9.91207116e-07 
 9.00000000e-02  9.00000000e-02  1.12017062e-11  2.76152624e-10  2.38737133e-12  6.10968829e-01  2.46527287e+01  1.15672255e+02  1.12017062e-06 
 9.50000000e-02  9.50000000e-02  1.26760824e-11  3.15792746e-10  2.72994955e-12  6.10968829e-01  2.49124876e+01  1.15677137e+02  1.26760824e-06 
 1.00000000e-01  1.00000000e-01  1.43636214e-11  3.61119187e-10  3.12166236e-12  6.10968829e-01  2.51412354e+01  1.15681693e+02  1.43636214e-06 
 1.05000000e-01  1.05000000e-01  1.62962976e-11  4.12946765e-10  3.56955158e-12  6.10968829e-01  2.53399130e+01  1.15685894e+02  1.62962976e-06 
 1.10000000e-01  1.10000000e-01  1.85096383e-11  4.72206864e-10  4.08166701e-12  6.10968829e-01  2.55114042e+01  1.15689708e+02  1.85096383e-06 
 1.15000000e-01  1.15000000e-01  2.10356177e-11  5.39964165e-10  4.66721048e-12  6.10968829e-01  2.56690425e+01  1.15693125e+02  2.10356177e-06 
 1.20000000e-01  1.20000000e-01  2.39275266e-11  6.17435526e-10  5.33670048e-12  6.10968829e-01  2.58044024e+01  1.15696118e+02  2.39275266e-06 
 1.25000000e-01  1.25000000e-01  2.72315503e-11  7.06011724e-10  6.10216007e-12  6.10968829e-01  2.59262405e+01  1.15698657e+02  2.72315503e-06 
 1.30000000e-01  1.30000000e-01  3.10080850e-11  8.07282238e-10  6.97733164e-12  6.10968829e-01  2.60345725e+01  1.15700712e+02  3.10080850e-06 
 1.35000000e-01  1.35000000e-01  3.53317375e-11  9.23063544e-10  7.97792219e-12  6.10968829e-01  2.61256199e+01  1.15702250e+02  3.53317375e-06 
 1.40000000e-01  1.40000000e-01  4.02664568e-11  1.05543142e-09  9.12188344e-12  6.10968829e-01  2.62111818e+01  1.15703235e+02  4.02664568e-06 
 1.45000000e-01  1.45000000e-01  4.59117189e-11  1.20675783e-09  1.04297318e-11  6.10968829e-01  2.62843095e+01  1.15703630e+02  4.59117189e-06 
 1.50000000e-01  1.50000000e-01  5.23634469e-11  1.37975300e-09  1.19249137e-11  6.10968829e-01  2.63495450e+01  1.15703395e+02  5.23634469e-06 
 1.55000000e-01  1.55000000e-01  5.97530914e-11  1.57751347e-09  1.36342226e-11  6.10968829e-01  2.64005332e+01  1.15702488e+02  5.97530914e-06 
 1.60000000e-01  1.60000000e-01  6.81943391e-11  1.80357692e-09  1.55882755e-11  6.10968829e-01  2.64476046e+01  1.15700863e+02  6.81943391e-06 
 1.65000000e-01  1.65000000e-01  7.78435094e-11  2.06198464e-09  1.78220561e-11  6.10968829e-01  2.64888448e+01  1.15698471e+02  7.78435094e-06 
 1.70000000e-01  1.70000000e-01  8.88746854e-11  2.35735296e-09  2.03755358e-11  6.10968829e-01  2.65244591e+01  1.15695262e+02  8.88746854e-06 
 1.75000000e-01  1.75000000e-01  1.01483266e-10  2.69495452e-09  2.32943816e-11  6.10968829e-01  2.65556541e+01  1.15691181e+02  1.01483266e-05 
 1.80000000e-01  1.80000000e-01  1.15907284e-10  3.08081108e-09  2.66307640e-11  6.10968829e-01  2.65799610e+01  1.15686170e+02  1.15907284e-05 
 1.85000000e-01  1.85000000e-01  1.32388323e-10  3.52179925e-09  3.04442789e-11  6.10968829e-01  2.66020385e+01  1.15680166e+02  1.32388323e-05 
 1.90000000e-01  1.90000000e-01  1.51224810e-10  4.02577104e-09  3.48029997e-11  6.10968829e-01  2.66211016e+01  1.15673105e+02  1.51224810e-05 
 1.95000000e-01  1.95000000e-01  1.72761361e-10  4.60169121e-09  3.97846758e-11  6.10968829e-01  2.66361135e+01  1.15664916e+02  1.72761361e-05 
 2.00000000e-01  2.00000000e-01  1.97374561e-10  5.25979372e-09  4.54781010e-11  6.10968829e-01  2.66487925e+01  1.15655527e+02  1.97374561e-05 
 2.05000000e-01  2.05000000e-01  2.25512053e-10  6.01175995e-09  5.19846720e-11  6.10968829e-01  2.66582644e+01  1.15644857e+02  2.25512053e-05 
 2.10000000e-01  2.10000000e-01  2.57678323e-10  6.87092162e-09  5.94201662e-11  6.10968829e-01  2.66647250e+01  1.15632824e+02  2.57678323e-05 
 2.15000000e-01  2.15000000e-01  2.94431146e-10  7.85249173e-09  6.79167665e-11  6.10968829e-01  2.66700444e+01  1.15619340e+02  2.94431146e-05 
 2.20000000e-01  2.20000000e-01  3.36431327e-10  8.97382734e-09  7.76253687e-11  6.10968829e-01  2.66735783e+01  1.15604312e+02  3.36431327e-05 
 2.25000000e-01  2.25000000e-01  3.84435594e-10  1.02547285e-08  8.87182098e-11  6.10968829e-01  2.66747634e+01  1.15587640e+02  3.84435594e-05 
 2.30000000e-01  2.30000000e-01  4.39289494e-10  1.17177783e-08  1.01391860e-10  6.10968829e-01  2.66743878e+01  1.15569222e+02  4.39289494e-05 
 2.35000000e-01  2.35000000e-01  5.01959363e-10  1.33887289e-08  1.15870629e-10  6.10968829e-01  2.66729339e+01  1.15548945e+02  5.01959363e-05 
 2.40000000e-01  2.40000000e-01  5.73567860e-10  1.52969408e-08  1.32410442e-10  6.10968829e-01  2.66698011e+01  1.15526695e+02  5.73567860e-05 
 2.45000000e-01  2.45000000e-01  6.55379750e-10  1.74758810e-08  1.51303252e-10  6.10968829e-01  2.66652746e+01  1.15502349e+02  6.55379750e-05 
 2.50000000e-01  2.50000000e-01  7.48837437e-10  1.99636892e-08  1.72882050e-10  6.10968829e-01  2.66595769e+01  1.15475778e+02  7.48837437e-05 
 2.55000000e-01  2.55000000e-01  8.55600035e-10  2.28038195e-08  1.97526569e-10  6.10968829e-01  2.66524294e+01  1.15446847e+02  8.55600035e-05 
 2.60000000e-01  2.60000000e-01  9.77546932e-10  2.60457684e-08  2.25669759e-10  6.10968829e-01  2.66440082e+01  1.15415413e+02  9.77546932e-05 
 2.65000000e-01  2.65000000e-01  1.11682397e-09  2.97459000e-08  2.57805144e-10  6.10968829e-01  2.66343676e+01  1.15381328e+02  1.11682397e-04 
 2.70000000e-01  2.70000000e-01  1.27587896e-09  3.39683802e-08  2.94495175e-10  6.10968829e-01  2.66235131e+01  1.15344437e+02  1.27587896e-04 
 2.75000000e-01  2.75000000e-01  1.45749723e-09  3.87862344e-08  3.36380702e-10  6.10968829e-01  2.66115321e+01  1.15304576e+02  1.45749723e-04 
 2.80000000e-01  2.80000000e-01  1.66486913e-09  4.42825442e-08  3.84191726e-10  6.10968829e-01  2.65982133e+01  1.15261577e+02  1.66486913e-04 
 2.85000000e-01  2.85000000e-01  1.90161131e-09  5.05517997e-08  4.38759574e-10  6.10968829e-01  2.65836659e+01  1.15215263e+02  1.90161131e-04 
 2.90000000e-01  2.90000000e-01  2.17185203e-09  5.77014271e-08  5.01030699e-10  6.10968829e-01  2.65678445e+01  1.15165452e+02  2.17185203e-04 
 2.95000000e-01  2.95000000e-01  2.48029153e-09  6.58535127e-08  5.72082302e-10  6.10968829e-01  2.65507147e+01  1.15111956e+02  2.48029153e-04 
 3.00000000e-01  3.00000000e-01  2.83228729e-09  7.51467475e-08  6.53139993e-10  6.10968829e-01  2.65321769e+01  1.15054580e+02  2.83228729e-04 
 3.05000000e-01  3.05000000e-01  3.23392513e-09  8.57386176e-08  7.45597770e-10  6.10968829e-01  2.65122457e+01  1.14993125e+02  3.23392513e-04 
 3.10000000e-01  3.10000000e-01  3.69213637e-09  9.78078703e-08  8.51040579e-10  6.10968829e-01  2.64908607e+01  1.14927387e+02  3.69213637e-04 
 3.15000000e-01  3.15000000e-01  4.21480095e-09  1.11557287e-07  9.71269770e-10  6.10968829e-01  2.64679848e+01  1.14857160e+02  4.21480095e-04 
 3.20000000e-01  3.20000000e-01  4.81088591e-09  1.27216801e-07  1.10833181e-09  6.10968829e-01  2.64435290e+01  1.14782234e+02  4.81088591e-04 
 3.25000000e-01  3.25000000e-01  5.49058399e-09  1.45046990e-07  1.26455064e-09  6.10968829e-01  2.64174067e+01  1.14702397e+02  5.49058399e-04 
 3.30000000e-01  3.30000000e-01  6.26546637e-09  1.65343001e-07  1.44256406e-09  6.10968829e-01  2.63895760e+01  1.14617441e+02  6.26546637e-04 
 3.35000000e-01  3.35000000e-01  7.14868165e-09  1.88438936e-07  1.64536464e-09  6.10968829e-01  2.63599564e+01  1.14527159e+02  7.14868165e-04 
 3.40000000e-01  3.40000000e-01  8.15514767e-09  2.14712766e-07  1.87634572e-09  6.10968829e-01  2.63284952e+01  1.14431346e+02  8.15514767e-04 
 3.45000000e-01  3.45000000e-01  9.30182154e-09  2.44591811e-07  2.13935293e-09  6.10968829e-01  2.62950445e+01  1.14329809e+02  9.30182154e-04 
 3.50000000e-01  3.50000000e-01  1.06078808e-08  2.78558865e-07  2.43874194e-09  6.10968829e-01  2.62596149e+01  1.14222362e+02  1.06078808e-03 
 3.55000000e-01  3.55000000e-01  1.20951249e-08  3.17159011e-07  2.77944309e-09  6.10968829e-01  2.62220534e+01  1.14108834e+02  1.20951249e-03 
 3.60000000e-01  3.60000000e-01  1.37882132e-08  3.61007216e-07  3.16703352e-09  6.10968829e-01  2.61823059e+01  1.13989073e+02  1.37882132e-03 
 3.65000000e-01  3.65000000e-01  1.57150879e-08  4.10796763e-07  3.60781774e-09  6.10968829e-01  2.61402778e+01  1.13862948e+02  1.57150879e-03 
 3.70000000e-01  3.70000000e-01  1.79073822e-08  4.67308617e-07  4.10891725e-09  6.10968829e-01  2.60958643e+01  1.13730355e+02  1.79073822e-03 
 3.75000000e-01  3.75000000e-01  2.04008401e-08  5.31421807e-07  4.67837028e-09  6.10968829e-01  2.60490158e+01  1.13591224e+02  2.04008401e-03 
 3.80000000e-01  3.80000000e-01  2.32359021e-08  6.04124926e-07  5.32524241e-09  6.10968829e-01  2.59996330e+01  1.13445526e+02  2.32359021e-03 
 3.85000000e-01  3.85000000e-01  2.64582560e-08  6.86528842e-07  6.05974921e-09  6.10968829e-01  2.59476226e+01  1.13293276e+02  2.64582560e-03 
 3.90000000e-01  3.90000000e-01  3.01194412e-08  7.79880749e-07  6.89339176e-09  6.10968829e-01  2.58929356e+01  1.13134546e+02  3.01194412e-03 
 3.95000000e-01  3.95000000e-01  3.42776261e-08  8.85579670e-07  7.83910619e-09  6.10968829e-01  2.58355018e+01  1.12969470e+02  3.42776261e-03 
 4.00000000e-01  4.00000000e-01  3.89984081e-08  1.00519356e-06  8.91142837e-09  6.10968829e-01  2.57752459e+01  1.12798253e+02  3.89984081e-03 
 4.05000000e-01  4.05000000e-01  4.43556765e-08  1.14047812e-06  1.01266748e-08  6.10968829e-01  2.57121120e+01  1.12621186e+02  4.43556765e-03 
 4.10000000e-01  4.10000000e-01  5.04325683e-08  1.29339759e-06  1.15031406e-08  6.10968829e-01  2.56460782e+01  1.12438650e+02  5.04325683e-03 
 4.15000000e-01  4.15000000e-01  5.73226799e-08  1.46614753e-06  1.30613164e-08  6.10968829e-01  2.55770933e+01  1.12251131e+02  5.73226799e-03 
 4.20000000e-01  4.20000000e-01  6.51311680e-08  1.66118000e-06  1.48241245e-08  6.10968829e-01  2.55051468e+01  1.12059232e+02  6.51311680e-03 
 4.25000000e-01  4.25000000e-01  7.39761568e-08  1.88123118e-06  1.68171753e-08  6.10968829e-01  2.54302367e+01  1.11863683e+02  7.39761568e-03 
 4.30000000e-01  4.30000000e-01  8.39902476e-08  2.12935182e-06  1.90690457e-08  6.10968829e-01  2.53523698e+01  1.11665358e+02  8.39902476e-03 
 4.35000000e-01  4.35000000e-01  9.53221004e-08  2.40894079e-06  2.16115799e-08  6.10968829e-01  2.52715873e+01  1.11465279e+02  9.53221004e-03 
 4.40000000e-01  4.40000000e-01  1.08138384e-07  2.72378200e-06  2.44802131e-08  6.10968829e-01  2.51879296e+01  1.11264636e+02  1.08138384e-02 
 4.45000000e-01  4.45000000e-01  1.22625668e-07  3.07808511e-06  2.77143191e-08  6.10968830e-01  2.51014748e+01  1.11064793e+02  1.22625668e-02 
 4.50000000e-01  4.50000000e-01  1.38992764e-07  3.47653049e-06  3.13575825e-08  6.10968830e-01  2.50123128e+01  1.10867299e+02  1.38992764e-02 
 4.55000000e-01  4.55000000e-01  1.57473167e-07  3.92431876e-06  3.54583948e-08  6.10968830e-01  2.49205552e+01  1.10673898e+02  1.57473167e-02 
 4.60000000e-01  4.60000000e-01  1.78327781e-07  4.42722560e-06  4.00702749e-08  6.10968830e-01  2.48263371e+01  1.10486529e+02  1.78327781e-02 
 4.65000000e-01  4.65000000e-01  2.01847929e-07  4.99166220e-06  4.52523140e-08  6.10968830e-01  2.47298163e+01  1.10307336e+02  2.01847929e-02 
 4.70000000e-01  4.70000000e-01  2.28358758e-07  5.62474201e-06  5.10696431e-08  6.10968830e-01  2.46311640e+01  1.10138659e+02  2.28358758e-02 
 4.75000000e-01  4.75000000e-01  2.58222844e-07  6.33435433e-06  5.75939231e-08  6.10968831e-01  2.45305730e+01  1.09983033e+02  2.58222844e-02 
 4.80000000e-01  4.80000000e-01  2.91844362e-07  7.12924532e-06  6.49038544e-08  6.10968831e-01  2.44282441e+01  1.09843173e+02  2.91844362e-02 
 4.85000000e-01  4.85000000e-01  3.29673508e-07  8.01910676e-06  7.30857049e-08  6.10968831e-01  2.43243893e+01  1.09721960e+02  3.29673508e-02 
 4.90000000e-01  4.90000000e-01  3.72211517e-07  9.01467306e-06  8.22338531e-08  6.10968831e-01  2.42192212e+01  1.09622409e+02  3.72211517e-02 
 4.95000000e-01  4.95000000e-01  4.20016118e-07  1.01278265e-05  9.24513415e-08  6.10968832e-01  2.41129474e+01  1.09547643e+02  4.20016118e-02 
 5.00000000e-01  5.00000000e-01  4.73707559e-07  1.13717108e-05  1.03850437e-07  6.10968832e-01  2.40057618e+01  1.09500847e+02  4.73707559e-02 
 5.05000000e-01  5.05000000e-01  5.33975186e-07  1.27608517e-05  1.16553191e-07  6.10968833e-01  2.38978365e+01  1.09485219e+02  5.33975186e-02 
 5.10000000e-01  5.10000000e-01  6.01584752e-07  1.43112843e-05  1.30691996e-07  6.10968833e-01  2.37893069e+01  1.09503908e+02  6.01584752e-02 
 5.15000000e-01  5.15000000e-01  6.77386140e-07  1.60406850e-05  1.46410118e-07  6.10968834e-01  2.36802675e+01  1.09559949e+02  6.77386140e-02 
 5.20000000e-01  5.20000000e-01  7.62322099e-07  1.79685053e-05  1.63862218e-07  6.10968834e-01  2.35707523e+01  1.09656183e+02  7.62322099e-02 
 5.25000000e-01  5.25000000e-01  8.57437264e-07  2.01161035e-05  1.83214823e-07  6.10968835e-01  2.34607292e+01  1.09795174e+02  8.57437264e-02 
 5.30000000e-01  5.30000000e-01  9.63888148e-07  2.25068706e-05  2.04646755e-07  6.10968836e-01  2.33500854e+01  1.09979122e+02  9.63888148e-02 
 5.35000000e-01  5.35000000e-01  1.08295351e-06  2.51663438e-05  2.28349490e-07  6.10968836e-01  2.32386187e+01  1.10209766e+02  1.08295351e-01 
 5.40000000e-01  5.40000000e-01  1.21604538e-06  2.81223011e-05  2.54527433e-07  6.10968837e-01  2.31260294e+01  1.10488291e+02  1.21604538e-01 
 5.45000000e-01  5.45000000e-01  1.36472039e-06  3.14048282e-05  2.83398097e-07  6.10968838e-01  2.30119140e+01  1.10815240e+02  1.36472039e-01 
 5.50000000e-01  5.50000000e-01  1.53069148e-06  3.50463496e-05  3.15192156e-07  6.10968840e-01  2.28957631e+01  1.11190424e+02  1.53069148e-01 
 5.55000000e-01  5.55000000e-01  1.71583956e-06  3.90816129e-05  3.50153349e-07  6.10968841e-01  2.27769623e+01  1.11612849e+02  1.71583956e-01 
 5.60000000e-01  5.60000000e-01  1.92222486e-06  4.35476177e-05  3.88538229e-07  6.10968842e-01  2.26547989e+01  1.12080651e+02  1.92222486e-01 
 5.65000000e-01  5.65000000e-01  2.15209803e-06  4.84834773e-05  4.30615725e-07  6.10968844e-01  2.25284706e+01  1.12591052e+02  2.15209803e-01 
 5.70000000e-01  5.70000000e-01  2.40791014e-06  5.39302057e-05  4.76666490e-07  6.10968846e-01  2.23971006e+01  1.13140334e+02  2.40791014e-01 
 5.75000000e-01  5.75000000e-01  2.69232144e-06  5.99304200e-05  5.26982043e-07  6.10968848e-01  2.22597566e+01  1.13723837e+02  2.69232144e-01 
 5.80000000e-01  5.80000000e-01  3.00820853e-06  6.65279555e-05  5.81863667e-07  6.10968850e-01  2.21154733e+01  1.14335985e+02  3.00820853e-01 
 5.85000000e-01  5.85000000e-01  3.35866921e-06  7.37673875e-05  6.41621075e-07  6.10968852e-01  2.19632786e+01  1.14970331e+02  3.35866921e-01 
 5.90000000e-01  5.90000000e-01  3.74702488e-06  8.16934640e-05  7.06570836e-07  6.10968855e-01  2.18022209e+01  1.15619638e+02  3.74702488e-01 
 5.95000000e-01  5.95000000e-01  4.17681970e-06  9.03504516e-05  7.77034567e-07  6.10968858e-01  2.16313985e+01  1.16275975e+02  4.17681970e-01 
 6.00000000e-01  6.00000000e-01  4.65181650e-06  9.97814067e-05  8.53336916e-07  6.10968862e-01  2.14499877e+01  1.16930845e+02  4.65181650e-01 
 6.05000000e-01  6.05000000e-01  5.17598871e-06  1.10027385e-04  9.35803358e-07  6.10968865e-01  2.12572692e+01  1.17575326e+02  5.17598871e-01 
 6.10000000e-01  6.10000000e-01  5.75350828e-06  1.21126610e-04  1.02475783e-06  6.10968869e-01  2.10526523e+01  1.18200228e+02  5.75350828e-01 
 6.15000000e-01  6.15000000e-01  6.38872941e-06  1.33113617e-04  1.12052028e-06  6.10968874e-01  2.08356949e+01  1.18796258e+02  6.38872941e-01 
 6.20000000e-01  6.20000000e-01  7.08616801e-06  1.46018412e-04  1.22340412e-06  6.10968879e-01  2.06061177e+01  1.19354194e+02  7.08616801e-01 
 6.25000000e-01  6.25000000e-01  7.85047695e-06  1.59865660e-04  1.33371368e-06  6.10968884e-01  2.03638150e+01  1.19865052e+02  7.85047695e-01 
 6.30000000e-01  6.30000000e-01  8.68641750e-06  1.74673935e-04  1.45174178e-06  6.10968890e-01  2.01088579e+01  1.20320251e+02  8.68641750e-01 
 6.35000000e-01  6.35000000e-01  9.59882716e-06  1.90455068e-04  1.57776734e-06  6.10968897e-01  1.98414936e+01  1.20711757e+02  9.59882716e-01 
 6.40000000e-01  6.40000000e-01  1.05925846e-05  2.07213604e-04  1.71205317e-06  6.10968904e-01  1.95621382e+01  1.21032225e+02  1.05925846e+00 
 6.45000000e-01  6.45000000e-01  1.16725720e-05  2.24946408e-04  1.85484405e-06  6.10968911e-01  1.92713660e+01  1.21275106e+02  1.16725720e+00 
 6.50000000e-01  6.50000000e-01  1.28436363e-05  2.43642419e-04  2.00636503e-06  6.10968919e-01  1.89698940e+01  1.21434742e+02  1.28436363e+00 
 6.55000000e-01  6.55000000e-01  1.41105489e-05  2.63282580e-04  2.16682006e-06  6.10968928e-01  1.86585640e+01  1.21506435e+02  1.41105489e+00 
 6.60000000e-01  6.60000000e-01  1.54779663e-05  2.83839932e-04  2.33639095e-06  6.10968938e-01  1.83383221e+01  1.21486488e+02  1.54779663e+00 
 6.65000000e-01  6.65000000e-01  1.69503908e-05  3.05279884e-04  2.51523672e-06  6.10968949e-01  1.80101974e+01  1.21372228e+02  1.69503908e+00 
 6.70000000e-01  6.70000000e-01  1.85321335e-05  3.27560651e-04  2.70349328e-06  6.10968960e-01  1.76752802e+01  1.21161999e+02  1.85321335e+00 
 6.75000000e-01  6.75000000e-01  2.02272798e-05  3.50633828e-04  2.90127349e-06  6.10968972e-01  1.73347000e+01  1.20855145e+02  2.02272798e+00 
 6.80000000e-01  6.80000000e-01  2.20396582e-05  3.74445100e-04  3.10866751e-06  6.10968984e-01  1.69896056e+01  1.20451962e+02  2.20396582e+00 
 6.85000000e-01  6.85000000e-01  2.39728120e-05  3.98935064e-04  3.32574360e-06  6.10968998e-01  1.66411460e+01  1.19953644e+02  2.39728120e+00 
 6.90000000e-01  6.90000000e-01  2.60299772e-05  4.24040113e-04  3.55254899e-06  6.10969013e-01  1.62904528e+01  1.19362214e+02  2.60299772e+00 
 6.95000000e-01  6.95000000e-01  2.82140627e-05  4.49693390e-04  3.78911119e-06  6.10969028e-01  1.59386259e+01  1.18680442e+02  2.82140627e+00 
 7.00000000e-01  7.00000000e-01  3.05276373e-05  4.75825751e-04  4.03543939e-06  6.10969044e-01  1.55867205e+01  1.17911758e+02  3.05276373e+00 
 7.05000000e-01  7.05000000e-01  3.29729203e-05  5.02366738e-04  4.29152602e-06  6.10969062e-01  1.52357369e+01  1.17060164e+02  3.29729203e+00 
 7.10000000e-01  7.10000000e-01  3.55517774e-05  5.29245515e-04  4.55734845e-06  6.10969080e-01  1.48866120e+01  1.16130140e+02  3.55517774e+00 
 7.15000000e-01  7.15000000e-01  3.82657210e-05  5.56391756e-04  4.83287073e-06  6.10969099e-01  1.45402136e+01  1.15126555e+02  3.82657210e+00 
 7.20000000e-01  7.20000000e-01  4.11159150e-05  5.83736475e-04  5.11804535e-06  6.10969119e-01  1.41973364e+01  1.14054573e+02  4.11159150e+00 
 7.25000000e-01  7.25000000e-01  4.41031831e-05  6.11212762e-04  5.41281504e-06  6.10969140e-01  1.38586995e+01  1.12919573e+02  4.41031831e+00 
 7.30000000e-01  7.30000000e-01  4.72280212e-05  6.38756432e-04  5.71711440e-06  6.10969162e-01  1.35249459e+01  1.11727068e+02  4.72280212e+00 
 7.35000000e-01  7.35000000e-01  5.04906122e-05  6.66306578e-04  6.03087162e-06  6.10969186e-01  1.31966429e+01  1.10482633e+02  5.04906122e+00 
 7.40000000e-01  7.40000000e-01  5.38908436e-05  6.93806022e-04  6.35400998e-06  6.10969210e-01  1.28742839e+01  1.09191837e+02  5.38908436e+00 
 7.45000000e-01  7.45000000e-01  5.74283272e-05  7.21201657e-04  6.68644931e-06  6.10969235e-01  1.25582912e+01  1.07860185e+02  5.74283272e+00 
 7.50000000e-01  7.50000000e-01  6.11024198e-05  7.48444701e-04  7.02810730e-06  6.10969261e-01  1.22490190e+01  1.06493067e+02  6.11024198e+00 
 7.55000000e-01  7.55000000e-01  6.49122456e-05  7.75490852e-04  7.37890068e-06  6.10969287e-01  1.19467574e+01  1.05095716e+02  6.49122456e+00 
 7.60000000e-01  7.60000000e-01  6.88567187e-05  8.02300362e-04  7.73874633e-06  6.10969315e-01  1.16517368e+01  1.03673170e+02  6.88567187e+00 
 7.65000000e-01  7.65000000e-01  7.29345658e-05  8.28838031e-04  8.10756214e-06  6.10969344e-01  1.13641320e+01  1.02230241e+02  7.29345658e+00 
 7.70000000e-01  7.70000000e-01  7.71443489e-05  8.55073133e-04  8.48526789e-06  6.10969374e-01  1.10840670e+01  1.00771495e+02  7.71443489e+00 
 7.75000000e-01  7.75000000e-01  8.14844872e-05  8.80979289e-04  8.87178588e-06  6.10969405e-01  1.08116197e+01  9.93012344e+01  8.14844872e+00 
 7.80000000e-01  7.80000000e-01  8.59532788e-05  9.06534289e-04  9.26704155e-06  6.10969436e-01  1.05468262e+01  9.78234838e+01  8.59532788e+00 
 7.85000000e-01  7.85000000e-01  9.05489203e-05  9.31719874e-04  9.67096390e-06  6.10969469e-01  1.02896851e+01  9.63419865e+01  9.05489203e+00 
 7.90000000e-01  7.90000000e-01  9.52695268e-05  9.56521495e-04  1.00834859e-05  6.10969502e-01  1.00401621e+01  9.48602003e+01  9.52695268e+00 
 7.95000000e-01  7.95000000e-01  1.00113149e-04  9.80928045e-04  1.05045449e-05  6.10969536e-01  9.79819388e+00  9.33812992e+01  1.00113149e+01 
 8.00000000e-01  8.00000000e-01  1.05077791e-04  1.00493158e-03  1.09340823e-05  6.10969571e-01  9.56369156e+00  9.19081777e+01  1.05077791e+01 
 8.05000000e-01  8.05000000e-01  1.10161423e-04  1.02852704e-03  1.13720446e-05  6.10969607e-01  9.33654462e+00  9.04434581e+01  1.10161423e+01 
 8.10000000e-01  8.10000000e-01  1.15361998e-04  1.05171196e-03  1.18183827e-05  6.10969644e-01  9.11662395e+00  8.89894990e+01  1.15361998e+01 
 8.15000000e-01  8.15000000e-01  1.20677462e-04  1.07448616e-03  1.22730521e-05  6.10969682e-01  8.90378488e+00  8.75484068e+01  1.20677462e+01 
 8.20000000e-01  8.20000000e-01  1.26105765e-04  1.09685154e-03  1.27360132e-05  6.10969720e-01  8.69786990e+00  8.61220475e+01  1.26105765e+01 
 8.25000000e-01  8.25000000e-01  1.31644871e-04  1.11881173e-03  1.32072309e-05  6.10969759e-01  8.49871115e+00  8.47120598e+01  1.31644871e+01 
 8.30000000e-01  8.30000000e-01  1.37292766e-04  1.14037192e-03  1.36866745e-05  6.10969799e-01  8.30613260e+00  8.33198687e+01  1.37292766e+01 
 8.35000000e-01  8.35000000e-01  1.43047468e-04  1.16153858e-03  1.41743180e-05  6.10969840e-01  8.11995207e+00  8.19466997e+01  1.43047468e+01 
 8.40000000e-01  8.40000000e-01  1.48907025e-04  1.18231925e-03  1.46701395e-05  6.10969881e-01  7.93998301e+00  8.05935928e+01  1.48907025e+01 
 8.45000000e-01  8.45000000e-01  1.54869529e-04  1.20272234e-03  1.51741212e-05  6.10969923e-01  7.76603601e+00  7.92614163e+01  1.54869529e+01 
 8.50000000e-01  8.50000000e-01  1.60933115e-04  1.22275697e-03  1.56862495e-05  6.10969966e-01  7.59792022e+00  7.79508811e+01  1.60933115e+01 
 8.55000000e-01  8.55000000e-01  1.67095964e-04  1.24243277e-03  1.62065143e-05  6.10970010e-01  7.43544454e+00  7.66625537e+01  1.67095964e+01 
 8.60000000e-01  8.60000000e-01  1.73356307e-04  1.26175977e-03  1.67349094e-05  6.10970054e-01  7.27841863e+00  7.53968691e+01  1.73356307e+01 
 8.65000000e-01  8.65000000e-01  1.79712425e-04  1.28074824e-03  1.72714319e-05  6.10970099e-01  7.12665379e+00  7.41541434e+01  1.79712425e+01 
 8.70000000e-01  8.70000000e-01  1.86162652e-04  1.29940857e-03  1.78160822e-05  6.10970144e-01  6.97996377e+00  7.29345853e+01  1.86162652e+01 
 8.75000000e-01  8.75000000e-01  1.92705374e-04  1.31775121e-03  1.83688640e-05  6.10970191e-01  6.83816533e+00  7.17383073e+01  1.92705374e+01 
 8.80000000e-01  8.80000000e-01  1.99339027e-04  1.33578654e-03  1.89297836e-05  6.10970237e-01  6.70107883e+00  7.05653360e+01  1.99339027e+01 
 8.85000000e-01  8.85000000e-01  2.06062102e-04  1.35352482e-03  1.94988502e-05  6.10970285e-01  6.56852862e+00  6.94156219e+01  2.06062102e+01 
 8.90000000e-01  8.90000000e-01  2.12873138e-04  1.37097611e-03  2.00760759e-05  6.10970333e-01  6.44034342e+00  6.82890481e+01  2.12873138e+01 
 8.95000000e-01  8.95000000e-01  2.19770724e-04  1.38815025e-03  2.06614747e-05  6.10970382e-01  6.31635653e+00  6.71854392e+01  2.19770724e+01 
 9.00000000e-01  9.00000000e-01  2.26753500e-04  1.40505677e-03  2.12550632e-05  6.10970431e-01  6.19640612e+00  6.61045683e+01  2.26753500e+01 
 9.05000000e-01  9.05000000e-01  2.33820149e-04  1.42170491e-03  2.18568600e-05  6.10970481e-01  6.08033532e+00  6.50461645e+01  2.33820149e+01 
 9.10000000e-01  9.10000000e-01  2.40969404e-04  1.43810355e-03  2.24668860e-05  6.10970532e-01  5.96799233e+00  6.40099191e+01  2.40969404e+01 
 9.15000000e-01  9.15000000e-01  2.48200037e-04  1.45426122e-03  2.30851634e-05  6.10970583e-01  5.85923046e+00  6.29954916e+01  2.48200037e+01 
 9.20000000e-01  9.20000000e-01  2.55510865e-04  1.47018605e-03  2.37117166e-05  6.10970634e-01  5.75390818e+00  6.20025146e+01  2.55510865e+01 
 9.25000000e-01  9.25000000e-01  2.62900742e-04  1.48588583e-03  2.43465713e-05  6.10970687e-01  5.65188908e+00  6.10305991e+01  2.62900742e+01 
 9.30000000e-01  9.30000000e-01  2.70368562e-04  1.50136794e-03  2.49897549e-05  6.10970739e-01  5.55304182e+00  6.00793382e+01  2.70368562e+01 
 9.35000000e-01  9.35000000e-01  2.77913255e-04  1.51663936e-03  2.56412959e-05  6.10970793e-01  5.45724009e+00  5.91483115e+01  2.77913255e+01 
 9.40000000e-01  9.40000000e-01  2.85533784e-04  1.53170672e-03  2.63012244e-05  6.10970847e-01  5.36436249e+00  5.82370881e+01  2.85533784e+01 
 9.45000000e-01  9.45000000e-01  2.93229144e-04  1.54657626e-03  2.69695714e-05  6.10970901e-01  5.27429246e+00  5.73452297e+01  2.93229144e+01 
 9.50000000e-01  9.50000000e-01  3.00998361e-04  1.56125387e-03  2.76463690e-05  6.10970956e-01  5.18691816e+00  5.64722936e+01  3.00998361e+01 
 9.55000000e-01  9.55000000e-01  3.08840489e-04  1.57574505e-03  2.83316504e-05  6.10971011e-01  5.10213233e+00  5.56178346e+01  3.08840489e+01 
 9.60000000e-01  9.60000000e-01  3.16754610e-04  1.59005499e-03  2.90254498e-05  6.10971067e-01  5.01983218e+00  5.47814073e+01  3.16754610e+01 
 9.65000000e-01  9.65000000e-01  3.24739829e-04  1.60418853e-03  2.97278020e-05  6.10971124e-01  4.93991925e+00  5.39625679e+01  3.24739829e+01 
 9.70000000e-01  9.70000000e-01  3.32795276e-04  1.61815022e-03  3.04387426e-05  6.10971180e-01  4.86229924e+00  5.31608758e+01  3.32795276e+01 
 9.75000000e-01  9.75000000e-01  3.40920102e-04  1.63194427e-03  3.11583081e-05  6.10971238e-01  4.78688192e+00  5.23758949e+01  3.40920102e+01 
 9.80000000e-01  9.80000000e-01  3.49113479e-04  1.64557464e-03  3.18865356e-05  6.10971296e-01  4.71358094e+00  5.16071943e+01  3.49113479e+01 
 9.85000000e-01  9.85000000e-01  3.57374598e-04  1.65904500e-03  3.26234627e-05  6.10971354e-01  4.64231370e+00  5.08543502e+01  3.57374598e+01 
 9.90000000e-01  9.90000000e-01  3.65702668e-04  1.67235875e-03  3.33691275e-05  6.10971413e-01  4.57300124e+00  5.01169458e+01  3.65702668e+01 
 9.95000000e-01  9.95000000e-01  3.74096913e-04  1.68551909e-03  3.41235688e-05  6.10971472e-01  4.50556801e+00  4.93945724e+01  3.74096913e+01 
 1.00000000e+00  1.00000000e+00  3.82556575e-04  1.69852895e-03  3.48868257e-05  6.10971532e-01  4.43994185e+00  4.86868299e+01  3.82556575e+01 
 1.00500000e+00  1.00500000e+00  3.91080907e-04  1.71139106e-03  3.56589378e-05  6.10971592e-01  4.37605374e+00  4.79933270e+01  3.91080907e+01 
 1.01000000e+00  1.01000000e+00  3.99669177e-04  1.72410798e-03  3.64399452e-05  6.10971653e-01  4.31383774e+00  4.73136820e+01  3.99669177e+01 
 1.01500000e+00  1.01500000e+00  4.08320666e-04  1.73668204e-03  3.72298882e-05  6.10971714e-01  4.25323082e+00  4.66475223e+01  4.08320666e+01 
 1.02000000e+00  1.02000000e+00  4.17034664e-04  1.74911543e-03  3.80288074e-05  6.10971776e-01  4.19417276e+00  4.59944854e+01  4.17034664e+01 
 1.02500000e+00  1.02500000e+00  4.25810474e-04  1.76141017e-03  3.88367440e-05  6.10971838e-01  4.13660601e+00  4.53542183e+01  4.25810474e+01 
 1.03000000e+00  1.03000000e+00  4.34647406e-04  1.77356812e-03  3.96537392e-05  6.10971900e-01  4.08047557e+00  4.47263778e+01  4.34647406e+01 
 1.03500000e+00  1.03500000e+00  4.43544782e-04  1.78559104e-03  4.04798347e-05  6.10971963e-01  4.02572889e+00  4.41106307e+01  4.43544782e+01 
 1.04000000e+00  1.04000000e+00  4.52501930e-04  1.79748053e-03  4.13150724e-05  6.10972026e-01  3.97231572e+00  4.35066533e+01  4.52501930e+01 
 1.04500000e+00  1.04500000e+00  4.61518187e-04  1.80923809e-03  4.21594943e-05  6.10972090e-01  3.92018807e+00  4.29141316e+01  4.61518187e+01 
 1.05000000e+00  1.05000000e+00  4.70592896e-04  1.82086511e-03  4.30131429e-05  6.10972154e-01  3.86930003e+00  4.23327612e+01  4.70592896e+01 
 1.05500000e+00  1.05500000e+00  4.79725410e-04  1.83236289e-03  4.38760609e-05  6.10972219e-01  3.81960775e+00  4.17622470e+01  4.79725410e+01 
 1.06000000e+00  1.06000000e+00  4.88915083e-04  1.84373264e-03  4.47482910e-05  6.10972284e-01  3.77106926e+00  4.12023030e+01  4.88915083e+01 
 1.06500000e+00  1.06500000e+00  4.98161280e-04  1.85497550e-03  4.56298765e-05  6.10972349e-01  3.72364448e+00  4.06526522e+01  4.98161280e+01 
 1.07000000e+00  1.07000000e+00  5.07463368e-04  1.86609251e-03  4.65208606e-05  6.10972415e-01  3.67729502e+00  4.01130265e+01  5.07463368e+01 
 1.07500000e+00  1.07500000e+00  5.16820720e-04  1.87708469e-03  4.74212870e-05  6.10972481e-01  3.63198419e+00  3.95831663e+01  5.16820720e+01 
 1.08000000e+00  1.08000000e+00  5.26232716e-04  1.88795295e-03  4.83311994e-05  6.10972547e-01  3.58767689e+00  3.90628202e+01  5.26232716e+01 
 1.08500000e+00  1.08500000e+00  5.35698737e-04  1.89869820e-03  4.92506420e-05  6.10972614e-01  3.54433952e+00  3.85517452e+01  5.35698737e+01 
 1.09000000e+00  1.09000000e+00  5.45218170e-04  1.90932127e-03  5.01796591e-05  6.10972682e-01  3.50193990e+00  3.80497058e+01  5.45218170e+01 
 1.09500000e+00  1.09500000e+00  5.54790407e-04  1.91982295e-03  5.11182952e-05  6.10972749e-01  3.46044727e+00  3.75564745e+01  5.54790407e+01 
 1.10000000e+00  1.10000000e+00  5.64414843e-04  1.93020401e-03  5.20665951e-05  6.10972817e-01  3.41983212e+00  3.70718309e+01  5.64414843e+01 
 1.10500000e+00  1.10500000e+00  5.74090877e-04  1.94046518e-03  5.30246041e-05  6.10972886e-01  3.38006622e+00  3.65955619e+01  5.74090877e+01 
 1.11000000e+00  1.11000000e+00  5.83817911e-04  1.95060716e-03  5.39923674e-05  6.10972954e-01  3.34112251e+00  3.61274613e+01  5.83817911e+01 
 1.11500000e+00  1.11500000e+00  5.93595350e-04  1.96063064e-03  5.49699308e-05  6.10973023e-01  3.30297506e+00  3.56673295e+01  5.93595350e+01 
 1.12000000e+00  1.12000000e+00  6.03422604e-04  1.97053626e-03  5.59573402e-05  6.10973093e-01  3.26559901e+00  3.52149736e+01  6.03422604e+01 
 1.12500000e+00  1.12500000e+00  6.13299085e-04  1.98032467e-03  5.69546420e-05  6.10973163e-01  3.22897052e+00  3.47702065e+01  6.13299085e+01 
 1.13000000e+00  1.13000000e+00  6.23224209e-04  1.98999649e-03  5.79618828e-05  6.10973233e-01  3.19306674e+00  3.43328476e+01  6.23224209e+01 
 1.13500000e+00  1.13500000e+00  6.33197394e-04  1.99955234e-03  5.89791096e-05  6.10973303e-01  3.15786571e+00  3.39027217e+01  6.33197394e+01 
 1.14000000e+00  1.14000000e+00  6.43218062e-04  2.00899282e-03  6.00063698e-05  6.10973374e-01  3.12334641e+00  3.34796594e+01  6.43218062e+01 
 1.14500000e+00  1.14500000e+00  6.53285638e-04  2.01831853e-03  6.10437111e-05  6.10973445e-01  3.08948860e+00  3.30634966e+01  6.53285638e+01 
 1.15000000e+00  1.15000000e+00  6.63399550e-04  2.02753006e-03  6.20911817e-05  6.10973517e-01  3.05627289e+00  3.26540743e+01  6.63399550e+01 
 1.15500000e+00  1.15500000e+00  6.73559228e-04  2.03662799e-03  6.31488300e-05  6.10973589e-01  3.02368063e+00  3.22512387e+01  6.73559228e+01 
 1.16000000e+00  1.16000000e+00  6.83764105e-04  2.04561291e-03  6.42167052e-05  6.10973661e-01  2.99169392e+00  3.18548407e+01  6.83764105e+01 
 1.16500000e+00  1.16500000e+00  6.94013618e-04  2.05448540e-03  6.52948566e-05  6.10973733e-01  2.96029551e+00  3.14647356e+01  6.94013618e+01 
 1.17000000e+00  1.17000000e+00  7.04307206e-04  2.06324604e-03  6.63833341e-05  6.10973806e-01  2.92946887e+00  3.10807835e+01  7.04307206e+01 
 1.17500000e+00  1.17500000e+00  7.14644312e-04  2.07189541e-03  6.74821883e-05  6.10973879e-01  2.89919807e+00  3.07028486e+01  7.14644312e+01 
 1.18000000e+00  1.18000000e+00  7.25024381e-04  2.08043409e-03  6.85914698e-05  6.10973952e-01  2.86946777e+00  3.03307991e+01  7.25024381e+01 
 1.18500000e+00  1.18500000e+00  7.35446860e-04  2.08886268e-03  6.97112303e-05  6.10974026e-01  2.84026324e+00  2.99645075e+01  7.35446860e+01 
 1.19000000e+00  1.19000000e+00  7.45911202e-04  2.09718177e-03  7.08415217e-05  6.10974100e-01  2.81157028e+00  2.96038498e+01  7.45911202e+01 
 1.19500000e+00  1.19500000e+00  7.56416859e-04  2.10539193e-03  7.19823966e-05  6.10974174e-01  2.78337521e+00  2.92487057e+01  7.56416859e+01 
 1.20000000e+00  1.20000000e+00  7.66963289e-04  2.11349378e-03  7.31339081e-05  6.10974249e-01  2.75566486e+00  2.88989586e+01  7.66963289e+01 
 1.20500000e+00  1.20500000e+00  7.77549951e-04  2.12148791e-03  7.42961101e-05  6.10974323e-01  2.72842652e+00  2.85544951e+01  7.77549951e+01 
 1.21000000e+00  1.21000000e+00  7.88176310e-04  2.12937493e-03  7.54690568e-05  6.10974399e-01  2.70164797e+00  2.82152052e+01  7.88176310e+01 
 1.21500000e+00  1.21500000e+00  7.98841830e-04  2.13715544e-03  7.66528035e-05  6.10974474e-01  2.67531740e+00  2.78809821e+01  7.98841830e+01 
 1.22000000e+00  1.22000000e+00  8.09545980e-04  2.14483007e-03  7.78474059e-05  6.10974550e-01  2.64942341e+00  2.75517219e+01  8.09545980e+01 
 1.22500000e+00  1.22500000e+00  8.20288234e-04  2.15239944e-03  7.90529204e-05  6.10974625e-01  2.62395503e+00  2.72273235e+01  8.20288234e+01 
 1.23000000e+00  1.23000000e+00  8.31068066e-04  2.15986416e-03  8.02694042e-05  6.10974702e-01  2.59890164e+00  2.69076889e+01  8.31068066e+01 
 1.23500000e+00  1.23500000e+00  8.41884955e-04  2.16722487e-03  8.14969153e-05  6.10974778e-01  2.57425300e+00  2.65927227e+01  8.41884955e+01 
 1.24000000e+00  1.24000000e+00  8.52738381e-04  2.17448221e-03  8.27355124e-05  6.10974855e-01  2.54999922e+00  2.62823320e+01  8.52738381e+01 
 1.24500000e+00  1.24500000e+00  8.63627831e-04  2.18163681e-03  8.39852550e-05  6.10974932e-01  2.52613073e+00  2.59764265e+01  8.63627831e+01 
 1.25000000e+00  1.25000000e+00  8.74552792e-04  2.18868931e-03  8.52462034e-05  6.10975009e-01  2.50263830e+00  2.56749184e+01  8.74552792e+01 
 1.25500000e+00  1.25500000e+00  8.85512755e-04  2.19564038e-03  8.65184189e-05  6.10975086e-01  2.47951299e+00  2.53777220e+01  8.85512755e+01 
 1.26000000e+00  1.26000000e+00  8.96507214e-04  2.20249066e-03  8.78019634e-05  6.10975164e-01  2.45674617e+00  2.50847541e+01  8.96507214e+01 
 1.26500000e+00  1.26500000e+00  9.07535668e-04  2.20924081e-03  8.90969000e-05  6.10975242e-01  2.43432946e+00  2.47959335e+01  9.07535668e+01 
 1.27000000e+00  1.27000000e+00  9.18597617e-04  2.21589149e-03  9.04032926e-05  6.10975320e-01  2.41225478e+00  2.45111813e+01  9.18597617e+01 
 1.27500000e+00  1.27500000e+00  9.29692566e-04  2.22244337e-03  9.17212058e-05  6.10975399e-01  2.39051430e+00  2.42304203e+01  9.29692566e+01 
 1.28000000e+00  1.28000000e+00  9.40820023e-04  2.22889712e-03  9.30507056e-05  6.10975477e-01  2.36910042e+00  2.39535757e+01  9.40820023e+01 
 1.28500000e+00  1.28500000e+00  9.51979498e-04  2.23525340e-03  9.43918586e-05  6.10975556e-01  2.34800582e+00  2.36805741e+01  9.51979498e+01 
 1.29000000e+00  1.29000000e+00  9.63170506e-04  2.24151289e-03  9.57447328e-05  6.10975635e-01  2.32722335e+00  2.34113442e+01  9.63170506e+01 
 1.29500000e+00  1.29500000e+00  9.74392565e-04  2.24767628e-03  9.71093968e-05  6.10975714e-01  2.30674613e+00  2.31458165e+01  9.74392565e+01 
 1.30000000e+00  1.30000000e+00  9.85645196e-04  2.25374424e-03  9.84859208e-05  6.10975794e-01  2.28656747e+00  2.28839231e+01  9.85645196e+01 
 1.30500000e+00  1.30500000e+00  9.96927924e-04  2.25971745e-03  9.98743756e-05  6.10975874e-01  2.26668087e+00  2.26255978e+01  9.96927924e+01 
 1.31000000e+00  1.31000000e+00  1.00824028e-03  2.26559660e-03  1.01274833e-04  6.10975954e-01  2.24708004e+00  2.23707759e+01  1.00824028e+02 
 1.31500000e+00  1.31500000e+00  1.01958178e-03  2.27138237e-03  1.02687368e-04  6.10976034e-01  2.22775888e+00  2.21193943e+01  1.01958178e+02 
 1.32000000e+00  1.32000000e+00  1.03095198e-03  2.27707545e-03  1.04112052e-04  6.10976114e-01  2.20871145e+00  2.18713914e+01  1.03095198e+02 
 1.32500000e+00  1.32500000e+00  1.04235041e-03  2.28267653e-03  1.05548964e-04  6.10976195e-01  2.18993201e+00  2.16267072e+01  1.04235041e+02 
 1.33000000e+00  1.33000000e+00  1.05377661e-03  2.28818629e-03  1.06998178e-04  6.10976275e-01  2.17141495e+00  2.13852827e+01  1.05377661e+02 
 1.33500000e+00  1.33500000e+00  1.06523013e-03  2.29360542e-03  1.08459774e-04  6.10976356e-01  2.15315486e+00  2.11470606e+01  1.06523013e+02 
 1.34000000e+00  1.34000000e+00  1.07671051e-03  2.29893462e-03  1.09933831e-04  6.10976437e-01  2.13514645e+00  2.09119849e+01  1.07671051e+02 
 1.34500000e+00  1.34500000e+00  1.08821731e-03  2.30417457e-03  1.11420430e-04  6.10976519e-01  2.11738460e+00  2.06800007e+01  1.08821731e+02 
 1.35000000e+00  1.35000000e+00  1.09975008e-03  2.30932595e-03  1.12919653e-04  6.10976600e-01  2.09986433e+00  2.04510544e+01  1.09975008e+02 
 1.35500000e+00  1.35500000e+00  1.11130838e-03  2.31438946e-03  1.14431582e-04  6.10976682e-01  2.08258078e+00  2.02250936e+01  1.11130838e+02 
 1.36000000e+00  1.36000000e+00  1.12289177e-03  2.31936578e-03  1.15956304e-04  6.10976764e-01  2.06552923e+00  2.00020672e+01  1.12289177e+02 
 1.36500000e+00  1.36500000e+00  1.13449983e-03  2.32425560e-03  1.17493904e-04  6.10976846e-01  2.04870511e+00  1.97819250e+01  1.13449983e+02 
 1.37000000e+00  1.37000000e+00  1.14613211e-03  2.32905959e-03  1.19044470e-04  6.10976928e-01  2.03210395e+00  1.95646181e+01  1.14613211e+02 
 1.37500000e+00  1.37500000e+00  1.15778820e-03  2.33377845e-03  1.20608091e-04  6.10977010e-01  2.01572141e+00  1.93500985e+01  1.15778820e+02 
 1.38000000e+00  1.38000000e+00  1.16946766e-03  2.33841285e-03  1.22184859e-04  6.10977093e-01  1.99955324e+00  1.91383194e+01  1.16946766e+02 
 1.38500000e+00  1.38500000e+00  1.18117008e-03  2.34296346e-03  1.23774864e-04  6.10977176e-01  1.98359534e+00  1.89292347e+01  1.18117008e+02 
 1.39000000e+00  1.39000000e+00  1.19289504e-03  2.34743097e-03  1.25378202e-04  6.10977258e-01  1.96784369e+00  1.87227998e+01  1.19289504e+02 
 1.39500000e+00  1.39500000e+00  1.20464212e-03  2.35181605e-03  1.26994968e-04  6.10977342e-01  1.95229438e+00  1.85189704e+01  1.20464212e+02 
 1.40000000e+00  1.40000000e+00  1.21641092e-03  2.35611936e-03  1.28625257e-04  6.10977425e-01  1.93694360e+00  1.83177037e+01  1.21641092e+02 
 1.40500000e+00  1.40500000e+00  1.22820103e-03  2.36034157e-03  1.30269171e-04  6.10977508e-01  1.92178764e+00  1.81189575e+01  1.22820103e+02 
 1.41000000e+00  1.41000000e+00  1.24001205e-03  2.36448334e-03  1.31926808e-04  6.10977591e-01  1.90682288e+00  1.79226905e+01  1.24001205e+02 
 1.41500000e+00  1.41500000e+00  1.25184357e-03  2.36854535e-03  1.33598271e-04  6.10977675e-01  1.89204579e+00  1.77288623e+01  1.25184357e+02 
 1.42000000e+00  1.42000000e+00  1.26369519e-03  2.37252823e-03  1.35283664e-04  6.10977759e-01  1.87745292e+00  1.75374333e+01  1.26369519e+02 
 1.42500000e+00  1.42500000e+00  1.27556653e-03  2.37643265e-03  1.36983092e-04  6.10977843e-01  1.86304092e+00  1.73483647e+01  1.27556653e+02 
 1.43000000e+00  1.43000000e+00  1.28745719e-03  2.38025925e-03  1.38696664e-04  6.10977927e-01  1.84880652e+00  1.71616186e+01  1.28745719e+02 
 1.43500000e+00  1.43500000e+00  1.29936679e-03  2.38400867e-03  1.40424488e-04  6.10978011e-01  1.83474651e+00  1.69771576e+01  1.29936679e+02 
 1.44000000e+00  1.44000000e+00  1.31129494e-03  2.38768157e-03  1.42166676e-04  6.10978095e-01  1.82085777e+00  1.67949455e+01  1.31129494e+02 
 1.44500000e+00  1.44500000e+00  1.32324125e-03  2.39127857e-03  1.43923341e-04  6.10978180e-01  1.80713726e+00  1.66149462e+01  1.32324125e+02 
 1.45000000e+00  1.45000000e+00  1.33520536e-03  2.39480031e-03  1.45694598e-04  6.10978264e-01  1.79358201e+00  1.64371249e+01  1.33520536e+02 
 1.45500000e+00  1.45500000e+00  1.34718689e-03  2.39824741e-03  1.47480564e-04  6.10978349e-01  1.78018910e+00  1.62614472e+01  1.34718689e+02 
 1.46000000e+00  1.46000000e+00  1.35918546e-03  2.40162050e-03  1.49281359e-04  6.10978434e-01  1.76695570e+00  1.60878794e+01  1.35918546e+02 
 1.46500000e+00  1.46500000e+00  1.37120071e-03  2.40492019e-03  1.51097104e-04  6.10978519e-01  1.75387905e+00  1.59163884e+01  1.37120071e+02 
 1.47000000e+00  1.47000000e+00  1.38323227e-03  2.40814709e-03  1.52927921e-04  6.10978604e-01  1.74095642e+00  1.57469419e+01  1.38323227e+02 
 1.47500000e+00  1.47500000e+00  1.39527978e-03  2.41130182e-03  1.54773937e-04  6.10978689e-01  1.72818517e+00  1.55795082e+01  1.39527978e+02 
 1.48000000e+00  1.48000000e+00  1.40734288e-03  2.41438498e-03  1.56635280e-04  6.10978774e-01  1.71556272e+00  1.54140560e+01  1.40734288e+02 
 1.48500000e+00  1.48500000e+00  1.41942121e-03  2.41739715e-03  1.58512078e-04  6.10978859e-01  1.70308654e+00  1.52505549e+01  1.41942121e+02 
 1.49000000e+00  1.49000000e+00  1.43151442e-03  2.42033895e-03  1.60404465e-04  6.10978945e-01  1.69075415e+00  1.50889749e+01  1.43151442e+02 
 1.49500000e+00  1.49500000e+00  1.44362217e-03  2.42321094e-03  1.62312574e-04  6.10979030e-01  1.67856313e+00  1.49292866e+01  1.44362217e+02 
 1.50000000e+00  1.50000000e+00  1.45574409e-03  2.42601371e-03  1.64236542e-04  6.10979116e-01  1.66651112e+00  1.47714612e+01  1.45574409e+02 
 1.50500000e+00  1.50500000e+00  1.46787986e-03  2.42874785e-03  1.66176510e-04  6.10979202e-01  1.65459580e+00  1.46154703e+01  1.46787986e+02 
 1.51000000e+00  1.51000000e+00  1.48002912e-03  2.43141391e-03  1.68132616e-04  6.10979288e-01  1.64281491e+00  1.44612863e+01  1.48002912e+02 
 1.51500000e+00  1.51500000e+00  1.49219154e-03  2.43401245e-03  1.70105007e-04  6.10979373e-01  1.63116624e+00  1.43088819e+01  1.49219154e+02 
 1.52000000e+00  1.52000000e+00  1.50436677e-03  2.43654405e-03  1.72093829e-04  6.10979460e-01  1.61964761e+00  1.41582302e+01  1.50436677e+02 
 1.52500000e+00  1.52500000e+00  1.51655450e-03  2.43900925e-03  1.74099229e-04  6.10979546e-01  1.60825691e+00  1.40093052e+01  1.51655450e+02 
 1.53000000e+00  1.53000000e+00  1.52875438e-03  2.44140859e-03  1.76121361e-04  6.10979632e-01  1.59699205e+00  1.38620811e+01  1.52875438e+02 
 1.53500000e+00  1.53500000e+00  1.54096610e-03  2.44374262e-03  1.78160378e-04  6.10979718e-01  1.58585100e+00  1.37165325e+01  1.54096610e+02 
 1.54000000e+00  1.54000000e+00  1.55318931e-03  2.44601188e-03  1.80216437e-04  6.10979805e-01  1.57483177e+00  1.35726348e+01  1.55318931e+02 
 1.54500000e+00  1.54500000e+00  1.56542371e-03  2.44821688e-03  1.82289697e-04  6.10979891e-01  1.56393241e+00  1.34303634e+01  1.56542371e+02 
 1.55000000e+00  1.55000000e+00  1.57766897e-03  2.45035815e-03  1.84380322e-04  6.10979978e-01  1.55315101e+00  1.32896945e+01  1.57766897e+02 
 1.55500000e+00  1.55500000e+00  1.58992478e-03  2.45243621e-03  1.86488475e-04  6.10980064e-01  1.54248569e+00  1.31506047e+01  1.58992478e+02 
 1.56000000e+00  1.56000000e+00  1.60219081e-03  2.45445157e-03  1.88614325e-04  6.10980151e-01  1.53193462e+00  1.30130708e+01  1.60219081e+02 
 1.56500000e+00  1.56500000e+00  1.61446676e-03  2.45640472e-03  1.90758044e-04  6.10980238e-01  1.52149600e+00  1.28770702e+01  1.61446676e+02 
 1.57000000e+00  1.57000000e+00  1.62675232e-03  2.45829618e-03  1.92919804e-04  6.10980324e-01  1.51116808e+00  1.27425808e+01  1.62675232e+02 
 1.57500000e+00  1.57500000e+00  1.63904718e-03  2.46012642e-03  1.95099782e-04  6.10980411e-01  1.50094912e+00  1.26095806e+01  1.63904718e+02 
 1.58000000e+00  1.58000000e+00  1.65135103e-03  2.46189594e-03  1.97298159e-04  6.10980498e-01  1.49083743e+00  1.24780482e+01  1.65135103e+02 
 1.58500000e+00  1.58500000e+00  1.66366358e-03  2.46360521e-03  1.99515117e-04  6.10980585e-01  1.48083136e+00  1.23479626e+01  1.66366358e+02 
 1.59000000e+00  1.59000000e+00  1.67598452e-03  2.46525470e-03  2.01750843e-04  6.10980672e-01  1.47092927e+00  1.22193031e+01  1.67598452e+02 
 1.59500000e+00  1.59500000e+00  1.68831356e-03  2.46684488e-03  2.04005525e-04  6.10980759e-01  1.46112958e+00  1.20920494e+01  1.68831356e+02 
 1.60000000e+00  1.60000000e+00  1.70065040e-03  2.46837621e-03  2.06279357e-04  6.10980847e-01  1.45143071e+00  1.19661814e+01  1.70065040e+02 
 1.60500000e+00  1.60500000e+00  1.71299474e-03  2.46984914e-03  2.08572534e-04  6.10980934e-01  1.44183113e+00  1.18416797e+01  1.71299474e+02 
 1.61000000e+00  1.61000000e+00  1.72534630e-03  2.47126412e-03  2.10885256e-04  6.10981021e-01  1.43232933e+00  1.17185249e+01  1.72534630e+02 
 1.61500000e+00  1.61500000e+00  1.73770479e-03  2.47262158e-03  2.13217724e-04  6.10981108e-01  1.42292385e+00  1.15966981e+01  1.73770479e+02 
 1.62000000e+00  1.62000000e+00  1.75006992e-03  2.47392196e-03  2.15570146e-04  6.10981196e-01  1.41361322e+00  1.14761808e+01  1.75006992e+02 
 1.62500000e+00  1.62500000e+00  1.76244140e-03  2.47516569e-03  2.17942731e-04  6.10981283e-01  1.40439602e+00  1.13569546e+01  1.76244140e+02 
 1.63000000e+00  1.63000000e+00  1.77481896e-03  2.47635319e-03  2.20335693e-04  6.10981371e-01  1.39527087e+00  1.12390016e+01  1.77481896e+02 
 1.63500000e+00  1.63500000e+00  1.78720232e-03  2.47748487e-03  2.22749247e-04  6.10981458e-01  1.38623638e+00  1.11223041e+01  1.78720232e+02 
 1.64000000e+00  1.64000000e+00  1.79959119e-03  2.47856114e-03  2.25183616e-04  6.10981546e-01  1.37729122e+00  1.10068449e+01  1.79959119e+02 
 1.64500000e+00  1.64500000e+00  1.81198530e-03  2.47958239e-03  2.27639022e-04  6.10981633e-01  1.36843405e+00  1.08926069e+01  1.81198530e+02 
 1.65000000e+00  1.65000000e+00  1.82438438e-03  2.48054903e-03  2.30115696e-04  6.10981721e-01  1.35966360e+00  1.07795734e+01  1.82438438e+02 
 1.65500000e+00  1.65500000e+00  1.83678815e-03  2.48146144e-03  2.32613869e-04  6.10981809e-01  1.35097857e+00  1.06677278e+01  1.83678815e+02 
 1.66000000e+00  1.66000000e+00  1.84919635e-03  2.48232000e-03  2.35133776e-04  6.10981896e-01  1.34237773e+00  1.05570541e+01  1.84919635e+02 
 1.66500000e+00  1.66500000e+00  1.86160870e-03  2.48312508e-03  2.37675659e-04  6.10981984e-01  1.33385984e+00  1.04475363e+01  1.86160870e+02 
 1.67000000e+00  1.67000000e+00  1.87402494e-03  2.48387706e-03  2.40239762e-04  6.10982072e-01  1.32542369e+00  1.03391589e+01  1.87402494e+02 
 1.67500000e+00  1.67500000e+00  1.88644481e-03  2.48457630e-03  2.42826332e-04  6.10982159e-01  1.31706811e+00  1.02319064e+01  1.88644481e+02 
 1.68000000e+00  1.68000000e+00  1.89886804e-03  2.48522314e-03  2.45435624e-04  6.10982247e-01  1.30879192e+00  1.01257637e+01  1.89886804e+02 
 1.68500000e+00  1.68500000e+00  1.91129437e-03  2.48581794e-03  2.48067894e-04  6.10982335e-01  1.30059398e+00  1.00207161e+01  1.91129437e+02 
 1.69000000e+00  1.69000000e+00  1.92372354e-03  2.48636105e-03  2.50723403e-04  6.10982423e-01  1.29247316e+00  9.91674894e+00  1.92372354e+02 
 1.69500000e+00  1.69500000e+00  1.93615530e-03  2.48685278e-03  2.53402418e-04  6.10982511e-01  1.28442836e+00  9.81384785e+00  1.93615530e+02 
 1.70000000e+00  1.70000000e+00  1.94858938e-03  2.48729348e-03  2.56105210e-04  6.10982599e-01  1.27645850e+00  9.71199876e+00  1.94858938e+02 
 1.70500000e+00  1.70500000e+00  1.96102554e-03  2.48768346e-03  2.58832052e-04  6.10982687e-01  1.26856250e+00  9.61118780e+00  1.96102554e+02 
 1.71000000e+00  1.71000000e+00  1.97346352e-03  2.48802304e-03  2.61583225e-04  6.10982774e-01  1.26073931e+00  9.51140135e+00  1.97346352e+02 
 1.71500000e+00  1.71500000e+00  1.98590307e-03  2.48831253e-03  2.64359014e-04  6.10982862e-01  1.25298791e+00  9.41262599e+00  1.98590307e+02 
 1.72000000e+00  1.72000000e+00  1.99834394e-03  2.48855223e-03  2.67159708e-04  6.10982950e-01  1.24530727e+00  9.31484857e+00  1.99834394e+02 
 1.72500000e+00  1.72500000e+00  2.01078588e-03  2.48874243e-03  2.69985602e-04  6.10983038e-01  1.23769639e+00  9.21805611e+00  2.01078588e+02 
 1.73000000e+00  1.73000000e+00  2.02322864e-03  2.48888342e-03  2.72836994e-04  6.10983126e-01  1.23015430e+00  9.12223588e+00  2.02322864e+02 
 1.73500000e+00  1.73500000e+00  2.03567199e-03  2.48897549e-03  2.75714190e-04  6.10983214e-01  1.22268003e+00  9.02737535e+00  2.03567199e+02 
 1.74000000e+00  1.74000000e+00  2.04811567e-03  2.48901891e-03  2.78617500e-04  6.10983302e-01  1.21527262e+00  8.93346221e+00  2.04811567e+02 
 1.74500000e+00  1.74500000e+00  2.06055945e-03  2.48901394e-03  2.81547237e-04  6.10983390e-01  1.20793115e+00  8.84048433e+00  2.06055945e+02 
 1.75000000e+00  1.75000000e+00  2.07300308e-03  2.48896086e-03  2.84503723e-04  6.10983478e-01  1.20065469e+00  8.74842981e+00  2.07300308e+02 
 1.75500000e+00  1.75500000e+00  2.08544632e-03  2.48885991e-03  2.87487284e-04  6.10983566e-01  1.19344233e+00  8.65728693e+00  2.08544632e+02 
 1.76000000e+00  1.76000000e+00  2.09788893e-03  2.48871134e-03  2.90498251e-04  6.10983654e-01  1.18629318e+00  8.56704415e+00  2.09788893e+02 
 1.76500000e+00  1.76500000e+00  2.11033068e-03  2.48851540e-03  2.93536960e-04  6.10983742e-01  1.17920638e+00  8.47769016e+00  2.11033068e+02 
 1.77000000e+00  1.77000000e+00  2.12277133e-03  2.48827231e-03  2.96603755e-04  6.10983829e-01  1.17218105e+00  8.38921380e+00  2.12277133e+02 
 1.77500000e+00  1.77500000e+00  2.13521064e-03  2.48798232e-03  2.99698984e-04  6.10983917e-01  1.16521634e+00  8.30160411e+00  2.13521064e+02 
 1.78000000e+00  1.78000000e+00  2.14764839e-03  2.48764564e-03  3.02823002e-04  6.10984005e-01  1.15831141e+00  8.21485031e+00  2.14764839e+02 
 1.78500000e+00  1.78500000e+00  2.16008433e-03  2.48726248e-03  3.05976170e-04  6.10984093e-01  1.15146545e+00  8.12894180e+00  2.16008433e+02 
 1.79000000e+00  1.79000000e+00  2.17251824e-03  2.48683305e-03  3.09158853e-04  6.10984181e-01  1.14467764e+00  8.04386813e+00  2.17251824e+02 
 1.79500000e+00  1.79500000e+00  2.18494988e-03  2.48635755e-03  3.12371426e-04  6.10984269e-01  1.13794718e+00  7.95961906e+00  2.18494988e+02 
 1.80000000e+00  1.80000000e+00  2.19737903e-03  2.48583619e-03  3.15614266e-04  6.10984357e-01  1.13127328e+00  7.87618448e+00  2.19737903e+02 
